   9.362042177644e-01
   9.431020956510e-01
   9.431020956510e-01
   9.433166209225e-01
   9.452081404225e-01
   1.041851447866e+00
   1.041851447866e+00
   1.253643317146e+00
   1.406821158177e+00
   1.487815749278e+00
   1.491164239817e+00
   1.491164239817e+00
   1.495210965544e+00
   1.519717739714e+00
   1.532896899246e+00
   1.532896899246e+00
   1.750788762165e+00
   1.750788762165e+00
   1.784895987436e+00
   1.795357147219e+00
   1.958209105865e+00
   1.958209105865e+00
   2.118985417662e+00
   2.142907629947e+00
   2.384813225618e+00
   2.384813225618e+00
   2.431626784197e+00
   2.538891065728e+00
   2.614091559435e+00
   2.652926244790e+00
   2.652926244790e+00
   2.700700724928e+00
   2.862602944005e+00
   3.162474119964e+00
   3.162474119964e+00
   3.212890527342e+00
   3.219026361558e+00
   3.245953464041e+00
   3.245953464041e+00
   3.660471070545e+00
