   2.800592294948e+01
   2.797437869754e+01
   2.797437869754e+01
   2.797339709517e+01
   2.796474058617e+01
   2.751883045019e+01
   2.751883045019e+01
   2.651541647440e+01
   2.576536014704e+01
   2.535979432458e+01
   2.534288765328e+01
   2.534288765328e+01
   2.532244049891e+01
   2.519825903973e+01
   2.513122348381e+01
   2.513122348381e+01
   2.399579289971e+01
   2.399579289971e+01
   2.381316079853e+01
   2.375686364636e+01
   2.286259978433e+01
   2.286259978433e+01
   2.194401360459e+01
   2.180402822264e+01
   2.033439977579e+01
   2.033439977579e+01
   2.003755332484e+01
   1.934021424839e+01
   1.883593801181e+01
   1.857016104760e+01
   1.857016104760e+01
   1.823788952753e+01
   1.706381101439e+01
   1.464263040882e+01
   1.464263040882e+01
   1.419507044718e+01
   1.413963406320e+01
   1.389373647387e+01
   1.389373647387e+01
   9.323057757000e+00
